(kicad_pcb (version 20171130) (host pcbnew "(5.1.10)-1")

  (general
    (thickness 1.6)
    (drawings 16)
    (tracks 720)
    (zones 0)
    (modules 122)
    (nets 94)
  )

  (page A3)
  (layers
    (0 F.Cu signal)
    (31 B.Cu signal)
    (32 B.Adhes user)
    (33 F.Adhes user)
    (34 B.Paste user)
    (35 F.Paste user)
    (36 B.SilkS user)
    (37 F.SilkS user)
    (38 B.Mask user)
    (39 F.Mask user)
    (40 Dwgs.User user)
    (41 Cmts.User user)
    (42 Eco1.User user)
    (43 Eco2.User user)
    (44 Edge.Cuts user)
    (45 Margin user)
    (46 B.CrtYd user)
    (47 F.CrtYd user)
    (48 B.Fab user)
    (49 F.Fab user)
  )

  (setup
    (last_trace_width 0.25)
    (trace_clearance 0.2)
    (zone_clearance 0.35)
    (zone_45_only no)
    (trace_min 0.2)
    (via_size 0.8)
    (via_drill 0.4)
    (via_min_size 0.4)
    (via_min_drill 0.3)
    (uvia_size 0.3)
    (uvia_drill 0.1)
    (uvias_allowed no)
    (uvia_min_size 0.2)
    (uvia_min_drill 0.1)
    (edge_width 0.05)
    (segment_width 0.2)
    (pcb_text_width 0.3)
    (pcb_text_size 1.5 1.5)
    (mod_edge_width 0.12)
    (mod_text_size 1 1)
    (mod_text_width 0.15)
    (pad_size 1.524 1.524)
    (pad_drill 0.762)
    (pad_to_mask_clearance 0)
    (aux_axis_origin 0 0)
    (visible_elements 7FFFFFFF)
    (pcbplotparams
      (layerselection 0x010fc_ffffffff)
      (usegerberextensions false)
      (usegerberattributes true)
      (usegerberadvancedattributes true)
      (creategerberjobfile true)
      (excludeedgelayer true)
      (linewidth 0.100000)
      (plotframeref false)
      (viasonmask false)
      (mode 1)
      (useauxorigin false)
      (hpglpennumber 1)
      (hpglpenspeed 20)
      (hpglpendiameter 15.000000)
      (psnegative false)
      (psa4output false)
      (plotreference true)
      (plotvalue true)
      (plotinvisibletext false)
      (padsonsilk false)
      (subtractmaskfromsilk false)
      (outputformat 1)
      (mirror false)
      (drillshape 1)
      (scaleselection 1)
      (outputdirectory ""))
  )

  (net 0 "")
  (net 1 "Net-(C2-Pad1)")
  (net 2 VCC)
  (net 3 "Net-(C8-Pad2)")
  (net 4 /row0)
  (net 5 "Net-(D1-Pad1)")
  (net 6 /row1)
  (net 7 "Net-(D2-Pad1)")
  (net 8 /row2)
  (net 9 "Net-(D3-Pad1)")
  (net 10 "Net-(D4-Pad1)")
  (net 11 "Net-(D5-Pad1)")
  (net 12 "Net-(D6-Pad1)")
  (net 13 "Net-(D7-Pad1)")
  (net 14 "Net-(D8-Pad1)")
  (net 15 "Net-(D9-Pad1)")
  (net 16 /row3)
  (net 17 "Net-(D10-Pad1)")
  (net 18 "Net-(D11-Pad1)")
  (net 19 "Net-(D12-Pad1)")
  (net 20 "Net-(D13-Pad1)")
  (net 21 "Net-(D14-Pad1)")
  (net 22 "Net-(D15-Pad1)")
  (net 23 "Net-(D16-Pad1)")
  (net 24 "Net-(D17-Pad1)")
  (net 25 "Net-(D18-Pad1)")
  (net 26 "Net-(D19-Pad1)")
  (net 27 "Net-(D20-Pad1)")
  (net 28 "Net-(D21-Pad1)")
  (net 29 "Net-(D22-Pad1)")
  (net 30 "Net-(D23-Pad1)")
  (net 31 "Net-(D24-Pad1)")
  (net 32 "Net-(D25-Pad1)")
  (net 33 "Net-(D26-Pad1)")
  (net 34 "Net-(D27-Pad1)")
  (net 35 "Net-(D28-Pad1)")
  (net 36 "Net-(D29-Pad1)")
  (net 37 "Net-(D30-Pad1)")
  (net 38 "Net-(D31-Pad1)")
  (net 39 "Net-(D32-Pad1)")
  (net 40 "Net-(D33-Pad1)")
  (net 41 "Net-(D34-Pad1)")
  (net 42 "Net-(D35-Pad1)")
  (net 43 "Net-(D36-Pad1)")
  (net 44 "Net-(D37-Pad1)")
  (net 45 "Net-(D38-Pad1)")
  (net 46 "Net-(D39-Pad1)")
  (net 47 "Net-(D40-Pad1)")
  (net 48 "Net-(D41-Pad1)")
  (net 49 "Net-(D42-Pad1)")
  (net 50 "Net-(D43-Pad1)")
  (net 51 "Net-(D44-Pad1)")
  (net 52 "Net-(D45-Pad1)")
  (net 53 "Net-(D46-Pad1)")
  (net 54 "Net-(D47-Pad1)")
  (net 55 "Net-(D48-Pad1)")
  (net 56 "Net-(D49-Pad1)")
  (net 57 "Net-(D50-Pad1)")
  (net 58 "Net-(D51-Pad1)")
  (net 59 "Net-(D52-Pad1)")
  (net 60 "Net-(J1-PadA5)")
  (net 61 "Net-(J1-PadA6)")
  (net 62 "Net-(J1-PadA7)")
  (net 63 "Net-(J1-PadA8)")
  (net 64 "Net-(J1-PadB8)")
  (net 65 "Net-(J1-PadB5)")
  (net 66 /col0)
  (net 67 /col1)
  (net 68 /col2)
  (net 69 /col3)
  (net 70 /col4)
  (net 71 /col5)
  (net 72 /col6)
  (net 73 /col7)
  (net 74 /col8)
  (net 75 /col9)
  (net 76 /col10)
  (net 77 /col11)
  (net 78 /col12)
  (net 79 /col13)
  (net 80 "Net-(R1-Pad1)")
  (net 81 "Net-(R2-Pad2)")
  (net 82 "Net-(R3-Pad2)")
  (net 83 "Net-(R4-Pad2)")
  (net 84 "Net-(U1-Pad1)")
  (net 85 "Net-(U1-Pad8)")
  (net 86 "Net-(U1-Pad9)")
  (net 87 "Net-(U1-Pad10)")
  (net 88 "Net-(U1-Pad11)")
  (net 89 "Net-(U1-Pad12)")
  (net 90 "Net-(U1-Pad42)")
  (net 91 GND)
  (net 92 "Net-(C1-Pad2)")
  (net 93 "Net-(U1-Pad37)")

  (net_class Default "This is the default net class."
    (clearance 0.2)
    (trace_width 0.25)
    (via_dia 0.8)
    (via_drill 0.4)
    (uvia_dia 0.3)
    (uvia_drill 0.1)
    (add_net /col0)
    (add_net /col1)
    (add_net /col10)
    (add_net /col11)
    (add_net /col12)
    (add_net /col13)
    (add_net /col2)
    (add_net /col3)
    (add_net /col4)
    (add_net /col5)
    (add_net /col6)
    (add_net /col7)
    (add_net /col8)
    (add_net /col9)
    (add_net /row0)
    (add_net /row1)
    (add_net /row2)
    (add_net /row3)
    (add_net GND)
    (add_net "Net-(C1-Pad2)")
    (add_net "Net-(C2-Pad1)")
    (add_net "Net-(C8-Pad2)")
    (add_net "Net-(D1-Pad1)")
    (add_net "Net-(D10-Pad1)")
    (add_net "Net-(D11-Pad1)")
    (add_net "Net-(D12-Pad1)")
    (add_net "Net-(D13-Pad1)")
    (add_net "Net-(D14-Pad1)")
    (add_net "Net-(D15-Pad1)")
    (add_net "Net-(D16-Pad1)")
    (add_net "Net-(D17-Pad1)")
    (add_net "Net-(D18-Pad1)")
    (add_net "Net-(D19-Pad1)")
    (add_net "Net-(D2-Pad1)")
    (add_net "Net-(D20-Pad1)")
    (add_net "Net-(D21-Pad1)")
    (add_net "Net-(D22-Pad1)")
    (add_net "Net-(D23-Pad1)")
    (add_net "Net-(D24-Pad1)")
    (add_net "Net-(D25-Pad1)")
    (add_net "Net-(D26-Pad1)")
    (add_net "Net-(D27-Pad1)")
    (add_net "Net-(D28-Pad1)")
    (add_net "Net-(D29-Pad1)")
    (add_net "Net-(D3-Pad1)")
    (add_net "Net-(D30-Pad1)")
    (add_net "Net-(D31-Pad1)")
    (add_net "Net-(D32-Pad1)")
    (add_net "Net-(D33-Pad1)")
    (add_net "Net-(D34-Pad1)")
    (add_net "Net-(D35-Pad1)")
    (add_net "Net-(D36-Pad1)")
    (add_net "Net-(D37-Pad1)")
    (add_net "Net-(D38-Pad1)")
    (add_net "Net-(D39-Pad1)")
    (add_net "Net-(D4-Pad1)")
    (add_net "Net-(D40-Pad1)")
    (add_net "Net-(D41-Pad1)")
    (add_net "Net-(D42-Pad1)")
    (add_net "Net-(D43-Pad1)")
    (add_net "Net-(D44-Pad1)")
    (add_net "Net-(D45-Pad1)")
    (add_net "Net-(D46-Pad1)")
    (add_net "Net-(D47-Pad1)")
    (add_net "Net-(D48-Pad1)")
    (add_net "Net-(D49-Pad1)")
    (add_net "Net-(D5-Pad1)")
    (add_net "Net-(D50-Pad1)")
    (add_net "Net-(D51-Pad1)")
    (add_net "Net-(D52-Pad1)")
    (add_net "Net-(D6-Pad1)")
    (add_net "Net-(D7-Pad1)")
    (add_net "Net-(D8-Pad1)")
    (add_net "Net-(D9-Pad1)")
    (add_net "Net-(J1-PadA5)")
    (add_net "Net-(J1-PadA6)")
    (add_net "Net-(J1-PadA7)")
    (add_net "Net-(J1-PadA8)")
    (add_net "Net-(J1-PadB5)")
    (add_net "Net-(J1-PadB8)")
    (add_net "Net-(R1-Pad1)")
    (add_net "Net-(R2-Pad2)")
    (add_net "Net-(R3-Pad2)")
    (add_net "Net-(R4-Pad2)")
    (add_net "Net-(U1-Pad1)")
    (add_net "Net-(U1-Pad10)")
    (add_net "Net-(U1-Pad11)")
    (add_net "Net-(U1-Pad12)")
    (add_net "Net-(U1-Pad37)")
    (add_net "Net-(U1-Pad42)")
    (add_net "Net-(U1-Pad8)")
    (add_net "Net-(U1-Pad9)")
    (add_net VCC)
  )

  (module Package_QFP:TQFP-44_10x10mm_P0.8mm (layer F.Cu) (tedit 5A02F146) (tstamp 60E98072)
    (at 321.8625 138.20625 270)
    (descr "44-Lead Plastic Thin Quad Flatpack (PT) - 10x10x1.0 mm Body [TQFP] (see Microchip Packaging Specification 00000049BS.pdf)")
    (tags "QFP 0.8")
    (path /60E814BB)
    (attr smd)
    (fp_text reference U1 (at 0 -7.45 90) (layer F.SilkS)
      (effects (font (size 1 1) (thickness 0.15)))
    )
    (fp_text value ATMEGA32U4 (at 0 7.45 90) (layer F.Fab)
      (effects (font (size 1 1) (thickness 0.15)))
    )
    (fp_line (start -4 -5) (end 5 -5) (layer F.Fab) (width 0.15))
    (fp_line (start 5 -5) (end 5 5) (layer F.Fab) (width 0.15))
    (fp_line (start 5 5) (end -5 5) (layer F.Fab) (width 0.15))
    (fp_line (start -5 5) (end -5 -4) (layer F.Fab) (width 0.15))
    (fp_line (start -5 -4) (end -4 -5) (layer F.Fab) (width 0.15))
    (fp_line (start -6.7 -6.7) (end -6.7 6.7) (layer F.CrtYd) (width 0.05))
    (fp_line (start 6.7 -6.7) (end 6.7 6.7) (layer F.CrtYd) (width 0.05))
    (fp_line (start -6.7 -6.7) (end 6.7 -6.7) (layer F.CrtYd) (width 0.05))
    (fp_line (start -6.7 6.7) (end 6.7 6.7) (layer F.CrtYd) (width 0.05))
    (fp_line (start -5.175 -5.175) (end -5.175 -4.6) (layer F.SilkS) (width 0.15))
    (fp_line (start 5.175 -5.175) (end 5.175 -4.5) (layer F.SilkS) (width 0.15))
    (fp_line (start 5.175 5.175) (end 5.175 4.5) (layer F.SilkS) (width 0.15))
    (fp_line (start -5.175 5.175) (end -5.175 4.5) (layer F.SilkS) (width 0.15))
    (fp_line (start -5.175 -5.175) (end -4.5 -5.175) (layer F.SilkS) (width 0.15))
    (fp_line (start -5.175 5.175) (end -4.5 5.175) (layer F.SilkS) (width 0.15))
    (fp_line (start 5.175 5.175) (end 4.5 5.175) (layer F.SilkS) (width 0.15))
    (fp_line (start 5.175 -5.175) (end 4.5 -5.175) (layer F.SilkS) (width 0.15))
    (fp_line (start -5.175 -4.6) (end -6.45 -4.6) (layer F.SilkS) (width 0.15))
    (fp_text user %R (at 0 0 90) (layer F.Fab)
      (effects (font (size 1 1) (thickness 0.15)))
    )
    (pad 1 smd rect (at -5.7 -4 270) (size 1.5 0.55) (layers F.Cu F.Paste F.Mask)
      (net 84 "Net-(U1-Pad1)"))
    (pad 2 smd rect (at -5.7 -3.2 270) (size 1.5 0.55) (layers F.Cu F.Paste F.Mask)
      (net 2 VCC))
    (pad 3 smd rect (at -5.7 -2.4 270) (size 1.5 0.55) (layers F.Cu F.Paste F.Mask)
      (net 82 "Net-(R3-Pad2)"))
    (pad 4 smd rect (at -5.7 -1.6 270) (size 1.5 0.55) (layers F.Cu F.Paste F.Mask)
      (net 83 "Net-(R4-Pad2)"))
    (pad 5 smd rect (at -5.7 -0.8 270) (size 1.5 0.55) (layers F.Cu F.Paste F.Mask)
      (net 91 GND))
    (pad 6 smd rect (at -5.7 0 270) (size 1.5 0.55) (layers F.Cu F.Paste F.Mask)
      (net 3 "Net-(C8-Pad2)"))
    (pad 7 smd rect (at -5.7 0.8 270) (size 1.5 0.55) (layers F.Cu F.Paste F.Mask)
      (net 2 VCC))
    (pad 8 smd rect (at -5.7 1.6 270) (size 1.5 0.55) (layers F.Cu F.Paste F.Mask)
      (net 85 "Net-(U1-Pad8)"))
    (pad 9 smd rect (at -5.7 2.4 270) (size 1.5 0.55) (layers F.Cu F.Paste F.Mask)
      (net 86 "Net-(U1-Pad9)"))
    (pad 10 smd rect (at -5.7 3.2 270) (size 1.5 0.55) (layers F.Cu F.Paste F.Mask)
      (net 87 "Net-(U1-Pad10)"))
    (pad 11 smd rect (at -5.7 4 270) (size 1.5 0.55) (layers F.Cu F.Paste F.Mask)
      (net 88 "Net-(U1-Pad11)"))
    (pad 12 smd rect (at -4 5.7) (size 1.5 0.55) (layers F.Cu F.Paste F.Mask)
      (net 89 "Net-(U1-Pad12)"))
    (pad 13 smd rect (at -3.2 5.7) (size 1.5 0.55) (layers F.Cu F.Paste F.Mask)
      (net 80 "Net-(R1-Pad1)"))
    (pad 14 smd rect (at -2.4 5.7) (size 1.5 0.55) (layers F.Cu F.Paste F.Mask)
      (net 2 VCC))
    (pad 15 smd rect (at -1.6 5.7) (size 1.5 0.55) (layers F.Cu F.Paste F.Mask)
      (net 91 GND))
    (pad 16 smd rect (at -0.8 5.7) (size 1.5 0.55) (layers F.Cu F.Paste F.Mask)
      (net 92 "Net-(C1-Pad2)"))
    (pad 17 smd rect (at 0 5.7) (size 1.5 0.55) (layers F.Cu F.Paste F.Mask)
      (net 1 "Net-(C2-Pad1)"))
    (pad 18 smd rect (at 0.8 5.7) (size 1.5 0.55) (layers F.Cu F.Paste F.Mask)
      (net 70 /col4))
    (pad 19 smd rect (at 1.6 5.7) (size 1.5 0.55) (layers F.Cu F.Paste F.Mask)
      (net 69 /col3))
    (pad 20 smd rect (at 2.4 5.7) (size 1.5 0.55) (layers F.Cu F.Paste F.Mask)
      (net 68 /col2))
    (pad 21 smd rect (at 3.2 5.7) (size 1.5 0.55) (layers F.Cu F.Paste F.Mask)
      (net 67 /col1))
    (pad 22 smd rect (at 4 5.7) (size 1.5 0.55) (layers F.Cu F.Paste F.Mask)
      (net 66 /col0))
    (pad 23 smd rect (at 5.7 4 270) (size 1.5 0.55) (layers F.Cu F.Paste F.Mask)
      (net 91 GND))
    (pad 24 smd rect (at 5.7 3.2 270) (size 1.5 0.55) (layers F.Cu F.Paste F.Mask)
      (net 2 VCC))
    (pad 25 smd rect (at 5.7 2.4 270) (size 1.5 0.55) (layers F.Cu F.Paste F.Mask)
      (net 71 /col5))
    (pad 26 smd rect (at 5.7 1.6 270) (size 1.5 0.55) (layers F.Cu F.Paste F.Mask)
      (net 72 /col6))
    (pad 27 smd rect (at 5.7 0.8 270) (size 1.5 0.55) (layers F.Cu F.Paste F.Mask)
      (net 73 /col7))
    (pad 28 smd rect (at 5.7 0 270) (size 1.5 0.55) (layers F.Cu F.Paste F.Mask)
      (net 74 /col8))
    (pad 29 smd rect (at 5.7 -0.8 270) (size 1.5 0.55) (layers F.Cu F.Paste F.Mask)
      (net 75 /col9))
    (pad 30 smd rect (at 5.7 -1.6 270) (size 1.5 0.55) (layers F.Cu F.Paste F.Mask)
      (net 76 /col10))
    (pad 31 smd rect (at 5.7 -2.4 270) (size 1.5 0.55) (layers F.Cu F.Paste F.Mask)
      (net 77 /col11))
    (pad 32 smd rect (at 5.7 -3.2 270) (size 1.5 0.55) (layers F.Cu F.Paste F.Mask)
      (net 78 /col12))
    (pad 33 smd rect (at 5.7 -4 270) (size 1.5 0.55) (layers F.Cu F.Paste F.Mask)
      (net 81 "Net-(R2-Pad2)"))
    (pad 34 smd rect (at 4 -5.7) (size 1.5 0.55) (layers F.Cu F.Paste F.Mask)
      (net 2 VCC))
    (pad 35 smd rect (at 3.2 -5.7) (size 1.5 0.55) (layers F.Cu F.Paste F.Mask)
      (net 91 GND))
    (pad 36 smd rect (at 2.4 -5.7) (size 1.5 0.55) (layers F.Cu F.Paste F.Mask)
      (net 79 /col13))
    (pad 37 smd rect (at 1.6 -5.7) (size 1.5 0.55) (layers F.Cu F.Paste F.Mask)
      (net 93 "Net-(U1-Pad37)"))
    (pad 38 smd rect (at 0.8 -5.7) (size 1.5 0.55) (layers F.Cu F.Paste F.Mask)
      (net 16 /row3))
    (pad 39 smd rect (at 0 -5.7) (size 1.5 0.55) (layers F.Cu F.Paste F.Mask)
      (net 8 /row2))
    (pad 40 smd rect (at -0.8 -5.7) (size 1.5 0.55) (layers F.Cu F.Paste F.Mask)
      (net 6 /row1))
    (pad 41 smd rect (at -1.6 -5.7) (size 1.5 0.55) (layers F.Cu F.Paste F.Mask)
      (net 4 /row0))
    (pad 42 smd rect (at -2.4 -5.7) (size 1.5 0.55) (layers F.Cu F.Paste F.Mask)
      (net 90 "Net-(U1-Pad42)"))
    (pad 43 smd rect (at -3.2 -5.7) (size 1.5 0.55) (layers F.Cu F.Paste F.Mask)
      (net 91 GND))
    (pad 44 smd rect (at -4 -5.7) (size 1.5 0.55) (layers F.Cu F.Paste F.Mask)
      (net 2 VCC))
    (model ${KISYS3DMOD}/Package_QFP.3dshapes/TQFP-44_10x10mm_P0.8mm.wrl
      (at (xyz 0 0 0))
      (scale (xyz 1 1 1))
      (rotate (xyz 0 0 0))
    )
  )

  (module Button_Switch_SMD:SW_SPST_TL3342 (layer B.Cu) (tedit 5A02FC95) (tstamp 60E9802F)
    (at 202.5 107.5)
    (descr "Low-profile SMD Tactile Switch, https://www.e-switch.com/system/asset/product_line/data_sheet/165/TL3342.pdf")
    (tags "SPST Tactile Switch")
    (path /60EA2F79)
    (attr smd)
    (fp_text reference SW1 (at 0 3.75) (layer B.SilkS)
      (effects (font (size 1 1) (thickness 0.15)) (justify mirror))
    )
    (fp_text value SW_PUSH (at 0 -3.75) (layer B.Fab)
      (effects (font (size 1 1) (thickness 0.15)) (justify mirror))
    )
    (fp_line (start 3.2 -2.1) (end 3.2 -1.6) (layer B.Fab) (width 0.1))
    (fp_line (start 3.2 2.1) (end 3.2 1.6) (layer B.Fab) (width 0.1))
    (fp_line (start -3.2 -2.1) (end -3.2 -1.6) (layer B.Fab) (width 0.1))
    (fp_line (start -3.2 2.1) (end -3.2 1.6) (layer B.Fab) (width 0.1))
    (fp_line (start 2.7 2.1) (end 2.7 1.6) (layer B.Fab) (width 0.1))
    (fp_line (start 1.7 2.1) (end 3.2 2.1) (layer B.Fab) (width 0.1))
    (fp_line (start 3.2 1.6) (end 2.2 1.6) (layer B.Fab) (width 0.1))
    (fp_line (start -2.7 2.1) (end -2.7 1.6) (layer B.Fab) (width 0.1))
    (fp_line (start -1.7 2.1) (end -3.2 2.1) (layer B.Fab) (width 0.1))
    (fp_line (start -3.2 1.6) (end -2.2 1.6) (layer B.Fab) (width 0.1))
    (fp_line (start -2.7 -2.1) (end -2.7 -1.6) (layer B.Fab) (width 0.1))
    (fp_line (start -3.2 -1.6) (end -2.2 -1.6) (layer B.Fab) (width 0.1))
    (fp_line (start -1.7 -2.1) (end -3.2 -2.1) (layer B.Fab) (width 0.1))
    (fp_line (start 1.7 -2.1) (end 3.2 -2.1) (layer B.Fab) (width 0.1))
    (fp_line (start 2.7 -2.1) (end 2.7 -1.6) (layer B.Fab) (width 0.1))
    (fp_line (start 3.2 -1.6) (end 2.2 -1.6) (layer B.Fab) (width 0.1))
    (fp_line (start -1.7 -2.3) (end -1.25 -2.75) (layer B.SilkS) (width 0.12))
    (fp_line (start 1.7 -2.3) (end 1.25 -2.75) (layer B.SilkS) (width 0.12))
    (fp_line (start 1.7 2.3) (end 1.25 2.75) (layer B.SilkS) (width 0.12))
    (fp_line (start -1.7 2.3) (end -1.25 2.75) (layer B.SilkS) (width 0.12))
    (fp_line (start -2 1) (end -1 2) (layer B.Fab) (width 0.1))
    (fp_line (start -1 2) (end 1 2) (layer B.Fab) (width 0.1))
    (fp_line (start 1 2) (end 2 1) (layer B.Fab) (width 0.1))
    (fp_line (start 2 1) (end 2 -1) (layer B.Fab) (width 0.1))
    (fp_line (start 2 -1) (end 1 -2) (layer B.Fab) (width 0.1))
    (fp_line (start 1 -2) (end -1 -2) (layer B.Fab) (width 0.1))
    (fp_line (start -1 -2) (end -2 -1) (layer B.Fab) (width 0.1))
    (fp_line (start -2 -1) (end -2 1) (layer B.Fab) (width 0.1))
    (fp_line (start 2.75 1) (end 2.75 -1) (layer B.SilkS) (width 0.12))
    (fp_line (start -1.25 -2.75) (end 1.25 -2.75) (layer B.SilkS) (width 0.12))
    (fp_line (start -2.75 1) (end -2.75 -1) (layer B.SilkS) (width 0.12))
    (fp_line (start -1.25 2.75) (end 1.25 2.75) (layer B.SilkS) (width 0.12))
    (fp_line (start -2.6 1.2) (end -2.6 -1.2) (layer B.Fab) (width 0.1))
    (fp_line (start -2.6 -1.2) (end -1.2 -2.6) (layer B.Fab) (width 0.1))
    (fp_line (start -1.2 -2.6) (end 1.2 -2.6) (layer B.Fab) (width 0.1))
    (fp_line (start 1.2 -2.6) (end 2.6 -1.2) (layer B.Fab) (width 0.1))
    (fp_line (start 2.6 -1.2) (end 2.6 1.2) (layer B.Fab) (width 0.1))
    (fp_line (start 2.6 1.2) (end 1.2 2.6) (layer B.Fab) (width 0.1))
    (fp_line (start 1.2 2.6) (end -1.2 2.6) (layer B.Fab) (width 0.1))
    (fp_line (start -1.2 2.6) (end -2.6 1.2) (layer B.Fab) (width 0.1))
    (fp_line (start -4.25 3) (end 4.25 3) (layer B.CrtYd) (width 0.05))
    (fp_line (start 4.25 3) (end 4.25 -3) (layer B.CrtYd) (width 0.05))
    (fp_line (start 4.25 -3) (end -4.25 -3) (layer B.CrtYd) (width 0.05))
    (fp_line (start -4.25 -3) (end -4.25 3) (layer B.CrtYd) (width 0.05))
    (fp_circle (center 0 0) (end 1 0) (layer B.Fab) (width 0.1))
    (fp_text user %R (at 0 3.75) (layer B.Fab)
      (effects (font (size 1 1) (thickness 0.15)) (justify mirror))
    )
    (pad 1 smd rect (at -3.15 1.9) (size 1.7 1) (layers B.Cu B.Paste B.Mask)
      (net 91 GND))
    (pad 1 smd rect (at 3.15 1.9) (size 1.7 1) (layers B.Cu B.Paste B.Mask)
      (net 91 GND))
    (pad 2 smd rect (at -3.15 -1.9) (size 1.7 1) (layers B.Cu B.Paste B.Mask)
      (net 80 "Net-(R1-Pad1)"))
    (pad 2 smd rect (at 3.15 -1.9) (size 1.7 1) (layers B.Cu B.Paste B.Mask)
      (net 80 "Net-(R1-Pad1)"))
    (model ${KISYS3DMOD}/Button_Switch_SMD.3dshapes/SW_SPST_TL3342.wrl
      (at (xyz 0 0 0))
      (scale (xyz 1 1 1))
      (rotate (xyz 0 0 0))
    )
  )

  (module Capacitor_SMD:C_0805_2012Metric_Pad1.18x1.45mm_HandSolder (layer F.Cu) (tedit 5F68FEEF) (tstamp 60E975CF)
    (at 309.95625 133.44375)
    (descr "Capacitor SMD 0805 (2012 Metric), square (rectangular) end terminal, IPC_7351 nominal with elongated pad for handsoldering. (Body size source: IPC-SM-782 page 76, https://www.pcb-3d.com/wordpress/wp-content/uploads/ipc-sm-782a_amendment_1_and_2.pdf, https://docs.google.com/spreadsheets/d/1BsfQQcO9C6DZCsRaXUlFlo91Tg2WpOkGARC1WS5S8t0/edit?usp=sharing), generated with kicad-footprint-generator")
    (tags "capacitor handsolder")
    (path /60E8511C)
    (attr smd)
    (fp_text reference C1 (at -2.95625 0.05625) (layer F.SilkS)
      (effects (font (size 1 1) (thickness 0.15)))
    )
    (fp_text value 22p (at 0 1.68) (layer F.Fab)
      (effects (font (size 1 1) (thickness 0.15)))
    )
    (fp_line (start -1 0.625) (end -1 -0.625) (layer F.Fab) (width 0.1))
    (fp_line (start -1 -0.625) (end 1 -0.625) (layer F.Fab) (width 0.1))
    (fp_line (start 1 -0.625) (end 1 0.625) (layer F.Fab) (width 0.1))
    (fp_line (start 1 0.625) (end -1 0.625) (layer F.Fab) (width 0.1))
    (fp_line (start -0.261252 -0.735) (end 0.261252 -0.735) (layer F.SilkS) (width 0.12))
    (fp_line (start -0.261252 0.735) (end 0.261252 0.735) (layer F.SilkS) (width 0.12))
    (fp_line (start -1.88 0.98) (end -1.88 -0.98) (layer F.CrtYd) (width 0.05))
    (fp_line (start -1.88 -0.98) (end 1.88 -0.98) (layer F.CrtYd) (width 0.05))
    (fp_line (start 1.88 -0.98) (end 1.88 0.98) (layer F.CrtYd) (width 0.05))
    (fp_line (start 1.88 0.98) (end -1.88 0.98) (layer F.CrtYd) (width 0.05))
    (fp_text user %R (at 0 0) (layer F.Fab)
      (effects (font (size 0.5 0.5) (thickness 0.08)))
    )
    (pad 1 smd roundrect (at -1.0375 0) (size 1.175 1.45) (layers F.Cu F.Paste F.Mask) (roundrect_rratio 0.212766)
      (net 91 GND))
    (pad 2 smd roundrect (at 1.0375 0) (size 1.175 1.45) (layers F.Cu F.Paste F.Mask) (roundrect_rratio 0.212766)
      (net 92 "Net-(C1-Pad2)"))
    (model ${KISYS3DMOD}/Capacitor_SMD.3dshapes/C_0805_2012Metric.wrl
      (at (xyz 0 0 0))
      (scale (xyz 1 1 1))
      (rotate (xyz 0 0 0))
    )
  )

  (module Capacitor_SMD:C_0805_2012Metric_Pad1.18x1.45mm_HandSolder (layer F.Cu) (tedit 5F68FEEF) (tstamp 60E975E0)
    (at 309.95625 142.96875 180)
    (descr "Capacitor SMD 0805 (2012 Metric), square (rectangular) end terminal, IPC_7351 nominal with elongated pad for handsoldering. (Body size source: IPC-SM-782 page 76, https://www.pcb-3d.com/wordpress/wp-content/uploads/ipc-sm-782a_amendment_1_and_2.pdf, https://docs.google.com/spreadsheets/d/1BsfQQcO9C6DZCsRaXUlFlo91Tg2WpOkGARC1WS5S8t0/edit?usp=sharing), generated with kicad-footprint-generator")
    (tags "capacitor handsolder")
    (path /60E858A5)
    (attr smd)
    (fp_text reference C2 (at -0.04375 -2.03125 180) (layer F.SilkS)
      (effects (font (size 1 1) (thickness 0.15)))
    )
    (fp_text value 22p (at 0 1.68 180) (layer F.Fab)
      (effects (font (size 1 1) (thickness 0.15)))
    )
    (fp_line (start 1.88 0.98) (end -1.88 0.98) (layer F.CrtYd) (width 0.05))
    (fp_line (start 1.88 -0.98) (end 1.88 0.98) (layer F.CrtYd) (width 0.05))
    (fp_line (start -1.88 -0.98) (end 1.88 -0.98) (layer F.CrtYd) (width 0.05))
    (fp_line (start -1.88 0.98) (end -1.88 -0.98) (layer F.CrtYd) (width 0.05))
    (fp_line (start -0.261252 0.735) (end 0.261252 0.735) (layer F.SilkS) (width 0.12))
    (fp_line (start -0.261252 -0.735) (end 0.261252 -0.735) (layer F.SilkS) (width 0.12))
    (fp_line (start 1 0.625) (end -1 0.625) (layer F.Fab) (width 0.1))
    (fp_line (start 1 -0.625) (end 1 0.625) (layer F.Fab) (width 0.1))
    (fp_line (start -1 -0.625) (end 1 -0.625) (layer F.Fab) (width 0.1))
    (fp_line (start -1 0.625) (end -1 -0.625) (layer F.Fab) (width 0.1))
    (fp_text user %R (at 0 0 180) (layer F.Fab)
      (effects (font (size 0.5 0.5) (thickness 0.08)))
    )
    (pad 2 smd roundrect (at 1.0375 0 180) (size 1.175 1.45) (layers F.Cu F.Paste F.Mask) (roundrect_rratio 0.212766)
      (net 91 GND))
    (pad 1 smd roundrect (at -1.0375 0 180) (size 1.175 1.45) (layers F.Cu F.Paste F.Mask) (roundrect_rratio 0.212766)
      (net 1 "Net-(C2-Pad1)"))
    (model ${KISYS3DMOD}/Capacitor_SMD.3dshapes/C_0805_2012Metric.wrl
      (at (xyz 0 0 0))
      (scale (xyz 1 1 1))
      (rotate (xyz 0 0 0))
    )
  )

  (module Capacitor_SMD:C_0805_2012Metric_Pad1.18x1.45mm_HandSolder (layer F.Cu) (tedit 5F68FEEF) (tstamp 60E975F1)
    (at 313.5 143.5 90)
    (descr "Capacitor SMD 0805 (2012 Metric), square (rectangular) end terminal, IPC_7351 nominal with elongated pad for handsoldering. (Body size source: IPC-SM-782 page 76, https://www.pcb-3d.com/wordpress/wp-content/uploads/ipc-sm-782a_amendment_1_and_2.pdf, https://docs.google.com/spreadsheets/d/1BsfQQcO9C6DZCsRaXUlFlo91Tg2WpOkGARC1WS5S8t0/edit?usp=sharing), generated with kicad-footprint-generator")
    (tags "capacitor handsolder")
    (path /60E9415C)
    (attr smd)
    (fp_text reference C3 (at 3 0) (layer F.SilkS)
      (effects (font (size 1 1) (thickness 0.15)))
    )
    (fp_text value .1u (at 0 1.68 90) (layer F.Fab)
      (effects (font (size 1 1) (thickness 0.15)))
    )
    (fp_line (start -1 0.625) (end -1 -0.625) (layer F.Fab) (width 0.1))
    (fp_line (start -1 -0.625) (end 1 -0.625) (layer F.Fab) (width 0.1))
    (fp_line (start 1 -0.625) (end 1 0.625) (layer F.Fab) (width 0.1))
    (fp_line (start 1 0.625) (end -1 0.625) (layer F.Fab) (width 0.1))
    (fp_line (start -0.261252 -0.735) (end 0.261252 -0.735) (layer F.SilkS) (width 0.12))
    (fp_line (start -0.261252 0.735) (end 0.261252 0.735) (layer F.SilkS) (width 0.12))
    (fp_line (start -1.88 0.98) (end -1.88 -0.98) (layer F.CrtYd) (width 0.05))
    (fp_line (start -1.88 -0.98) (end 1.88 -0.98) (layer F.CrtYd) (width 0.05))
    (fp_line (start 1.88 -0.98) (end 1.88 0.98) (layer F.CrtYd) (width 0.05))
    (fp_line (start 1.88 0.98) (end -1.88 0.98) (layer F.CrtYd) (width 0.05))
    (fp_text user %R (at 0 0 90) (layer F.Fab)
      (effects (font (size 0.5 0.5) (thickness 0.08)))
    )
    (pad 1 smd roundrect (at -1.0375 0 90) (size 1.175 1.45) (layers F.Cu F.Paste F.Mask) (roundrect_rratio 0.212766)
      (net 2 VCC))
    (pad 2 smd roundrect (at 1.0375 0 90) (size 1.175 1.45) (layers F.Cu F.Paste F.Mask) (roundrect_rratio 0.212766)
      (net 91 GND))
    (model ${KISYS3DMOD}/Capacitor_SMD.3dshapes/C_0805_2012Metric.wrl
      (at (xyz 0 0 0))
      (scale (xyz 1 1 1))
      (rotate (xyz 0 0 0))
    )
  )

  (module Capacitor_SMD:C_0805_2012Metric_Pad1.18x1.45mm_HandSolder (layer F.Cu) (tedit 5F68FEEF) (tstamp 60E97602)
    (at 312.5 130.5 180)
    (descr "Capacitor SMD 0805 (2012 Metric), square (rectangular) end terminal, IPC_7351 nominal with elongated pad for handsoldering. (Body size source: IPC-SM-782 page 76, https://www.pcb-3d.com/wordpress/wp-content/uploads/ipc-sm-782a_amendment_1_and_2.pdf, https://docs.google.com/spreadsheets/d/1BsfQQcO9C6DZCsRaXUlFlo91Tg2WpOkGARC1WS5S8t0/edit?usp=sharing), generated with kicad-footprint-generator")
    (tags "capacitor handsolder")
    (path /60E94CFC)
    (attr smd)
    (fp_text reference C4 (at 0 2) (layer F.SilkS)
      (effects (font (size 1 1) (thickness 0.15)))
    )
    (fp_text value .1u (at 0 1.68) (layer F.Fab)
      (effects (font (size 1 1) (thickness 0.15)))
    )
    (fp_line (start 1.88 0.98) (end -1.88 0.98) (layer F.CrtYd) (width 0.05))
    (fp_line (start 1.88 -0.98) (end 1.88 0.98) (layer F.CrtYd) (width 0.05))
    (fp_line (start -1.88 -0.98) (end 1.88 -0.98) (layer F.CrtYd) (width 0.05))
    (fp_line (start -1.88 0.98) (end -1.88 -0.98) (layer F.CrtYd) (width 0.05))
    (fp_line (start -0.261252 0.735) (end 0.261252 0.735) (layer F.SilkS) (width 0.12))
    (fp_line (start -0.261252 -0.735) (end 0.261252 -0.735) (layer F.SilkS) (width 0.12))
    (fp_line (start 1 0.625) (end -1 0.625) (layer F.Fab) (width 0.1))
    (fp_line (start 1 -0.625) (end 1 0.625) (layer F.Fab) (width 0.1))
    (fp_line (start -1 -0.625) (end 1 -0.625) (layer F.Fab) (width 0.1))
    (fp_line (start -1 0.625) (end -1 -0.625) (layer F.Fab) (width 0.1))
    (fp_text user %R (at 0 0) (layer F.Fab)
      (effects (font (size 0.5 0.5) (thickness 0.08)))
    )
    (pad 2 smd roundrect (at 1.0375 0 180) (size 1.175 1.45) (layers F.Cu F.Paste F.Mask) (roundrect_rratio 0.212766)
      (net 91 GND))
    (pad 1 smd roundrect (at -1.0375 0 180) (size 1.175 1.45) (layers F.Cu F.Paste F.Mask) (roundrect_rratio 0.212766)
      (net 2 VCC))
    (model ${KISYS3DMOD}/Capacitor_SMD.3dshapes/C_0805_2012Metric.wrl
      (at (xyz 0 0 0))
      (scale (xyz 1 1 1))
      (rotate (xyz 0 0 0))
    )
  )

  (module Capacitor_SMD:C_0805_2012Metric_Pad1.18x1.45mm_HandSolder (layer F.Cu) (tedit 5F68FEEF) (tstamp 60E97613)
    (at 330 143.5 270)
    (descr "Capacitor SMD 0805 (2012 Metric), square (rectangular) end terminal, IPC_7351 nominal with elongated pad for handsoldering. (Body size source: IPC-SM-782 page 76, https://www.pcb-3d.com/wordpress/wp-content/uploads/ipc-sm-782a_amendment_1_and_2.pdf, https://docs.google.com/spreadsheets/d/1BsfQQcO9C6DZCsRaXUlFlo91Tg2WpOkGARC1WS5S8t0/edit?usp=sharing), generated with kicad-footprint-generator")
    (tags "capacitor handsolder")
    (path /60E96032)
    (attr smd)
    (fp_text reference C5 (at -3 0) (layer F.SilkS)
      (effects (font (size 1 1) (thickness 0.15)))
    )
    (fp_text value .1u (at 0 1.68 90) (layer F.Fab)
      (effects (font (size 1 1) (thickness 0.15)))
    )
    (fp_line (start -1 0.625) (end -1 -0.625) (layer F.Fab) (width 0.1))
    (fp_line (start -1 -0.625) (end 1 -0.625) (layer F.Fab) (width 0.1))
    (fp_line (start 1 -0.625) (end 1 0.625) (layer F.Fab) (width 0.1))
    (fp_line (start 1 0.625) (end -1 0.625) (layer F.Fab) (width 0.1))
    (fp_line (start -0.261252 -0.735) (end 0.261252 -0.735) (layer F.SilkS) (width 0.12))
    (fp_line (start -0.261252 0.735) (end 0.261252 0.735) (layer F.SilkS) (width 0.12))
    (fp_line (start -1.88 0.98) (end -1.88 -0.98) (layer F.CrtYd) (width 0.05))
    (fp_line (start -1.88 -0.98) (end 1.88 -0.98) (layer F.CrtYd) (width 0.05))
    (fp_line (start 1.88 -0.98) (end 1.88 0.98) (layer F.CrtYd) (width 0.05))
    (fp_line (start 1.88 0.98) (end -1.88 0.98) (layer F.CrtYd) (width 0.05))
    (fp_text user %R (at 0 0 90) (layer F.Fab)
      (effects (font (size 0.5 0.5) (thickness 0.08)))
    )
    (pad 1 smd roundrect (at -1.0375 0 270) (size 1.175 1.45) (layers F.Cu F.Paste F.Mask) (roundrect_rratio 0.212766)
      (net 2 VCC))
    (pad 2 smd roundrect (at 1.0375 0 270) (size 1.175 1.45) (layers F.Cu F.Paste F.Mask) (roundrect_rratio 0.212766)
      (net 91 GND))
    (model ${KISYS3DMOD}/Capacitor_SMD.3dshapes/C_0805_2012Metric.wrl
      (at (xyz 0 0 0))
      (scale (xyz 1 1 1))
      (rotate (xyz 0 0 0))
    )
  )

  (module Capacitor_SMD:C_0805_2012Metric_Pad1.18x1.45mm_HandSolder (layer F.Cu) (tedit 5F68FEEF) (tstamp 60E97624)
    (at 316.5 130.5 180)
    (descr "Capacitor SMD 0805 (2012 Metric), square (rectangular) end terminal, IPC_7351 nominal with elongated pad for handsoldering. (Body size source: IPC-SM-782 page 76, https://www.pcb-3d.com/wordpress/wp-content/uploads/ipc-sm-782a_amendment_1_and_2.pdf, https://docs.google.com/spreadsheets/d/1BsfQQcO9C6DZCsRaXUlFlo91Tg2WpOkGARC1WS5S8t0/edit?usp=sharing), generated with kicad-footprint-generator")
    (tags "capacitor handsolder")
    (path /60E96821)
    (attr smd)
    (fp_text reference C6 (at 0 2) (layer F.SilkS)
      (effects (font (size 1 1) (thickness 0.15)))
    )
    (fp_text value .1u (at 0 1.68) (layer F.Fab)
      (effects (font (size 1 1) (thickness 0.15)))
    )
    (fp_line (start 1.88 0.98) (end -1.88 0.98) (layer F.CrtYd) (width 0.05))
    (fp_line (start 1.88 -0.98) (end 1.88 0.98) (layer F.CrtYd) (width 0.05))
    (fp_line (start -1.88 -0.98) (end 1.88 -0.98) (layer F.CrtYd) (width 0.05))
    (fp_line (start -1.88 0.98) (end -1.88 -0.98) (layer F.CrtYd) (width 0.05))
    (fp_line (start -0.261252 0.735) (end 0.261252 0.735) (layer F.SilkS) (width 0.12))
    (fp_line (start -0.261252 -0.735) (end 0.261252 -0.735) (layer F.SilkS) (width 0.12))
    (fp_line (start 1 0.625) (end -1 0.625) (layer F.Fab) (width 0.1))
    (fp_line (start 1 -0.625) (end 1 0.625) (layer F.Fab) (width 0.1))
    (fp_line (start -1 -0.625) (end 1 -0.625) (layer F.Fab) (width 0.1))
    (fp_line (start -1 0.625) (end -1 -0.625) (layer F.Fab) (width 0.1))
    (fp_text user %R (at 0 0) (layer F.Fab)
      (effects (font (size 0.5 0.5) (thickness 0.08)))
    )
    (pad 2 smd roundrect (at 1.0375 0 180) (size 1.175 1.45) (layers F.Cu F.Paste F.Mask) (roundrect_rratio 0.212766)
      (net 91 GND))
    (pad 1 smd roundrect (at -1.0375 0 180) (size 1.175 1.45) (layers F.Cu F.Paste F.Mask) (roundrect_rratio 0.212766)
      (net 2 VCC))
    (model ${KISYS3DMOD}/Capacitor_SMD.3dshapes/C_0805_2012Metric.wrl
      (at (xyz 0 0 0))
      (scale (xyz 1 1 1))
      (rotate (xyz 0 0 0))
    )
  )

  (module Capacitor_SMD:C_0805_2012Metric_Pad1.18x1.45mm_HandSolder (layer F.Cu) (tedit 5F68FEEF) (tstamp 60E97635)
    (at 326.5 130 180)
    (descr "Capacitor SMD 0805 (2012 Metric), square (rectangular) end terminal, IPC_7351 nominal with elongated pad for handsoldering. (Body size source: IPC-SM-782 page 76, https://www.pcb-3d.com/wordpress/wp-content/uploads/ipc-sm-782a_amendment_1_and_2.pdf, https://docs.google.com/spreadsheets/d/1BsfQQcO9C6DZCsRaXUlFlo91Tg2WpOkGARC1WS5S8t0/edit?usp=sharing), generated with kicad-footprint-generator")
    (tags "capacitor handsolder")
    (path /60E96827)
    (attr smd)
    (fp_text reference C7 (at 0 2) (layer F.SilkS)
      (effects (font (size 1 1) (thickness 0.15)))
    )
    (fp_text value 4.7u (at 0 1.68) (layer F.Fab)
      (effects (font (size 1 1) (thickness 0.15)))
    )
    (fp_line (start -1 0.625) (end -1 -0.625) (layer F.Fab) (width 0.1))
    (fp_line (start -1 -0.625) (end 1 -0.625) (layer F.Fab) (width 0.1))
    (fp_line (start 1 -0.625) (end 1 0.625) (layer F.Fab) (width 0.1))
    (fp_line (start 1 0.625) (end -1 0.625) (layer F.Fab) (width 0.1))
    (fp_line (start -0.261252 -0.735) (end 0.261252 -0.735) (layer F.SilkS) (width 0.12))
    (fp_line (start -0.261252 0.735) (end 0.261252 0.735) (layer F.SilkS) (width 0.12))
    (fp_line (start -1.88 0.98) (end -1.88 -0.98) (layer F.CrtYd) (width 0.05))
    (fp_line (start -1.88 -0.98) (end 1.88 -0.98) (layer F.CrtYd) (width 0.05))
    (fp_line (start 1.88 -0.98) (end 1.88 0.98) (layer F.CrtYd) (width 0.05))
    (fp_line (start 1.88 0.98) (end -1.88 0.98) (layer F.CrtYd) (width 0.05))
    (fp_text user %R (at 0 0) (layer F.Fab)
      (effects (font (size 0.5 0.5) (thickness 0.08)))
    )
    (pad 1 smd roundrect (at -1.0375 0 180) (size 1.175 1.45) (layers F.Cu F.Paste F.Mask) (roundrect_rratio 0.212766)
      (net 2 VCC))
    (pad 2 smd roundrect (at 1.0375 0 180) (size 1.175 1.45) (layers F.Cu F.Paste F.Mask) (roundrect_rratio 0.212766)
      (net 91 GND))
    (model ${KISYS3DMOD}/Capacitor_SMD.3dshapes/C_0805_2012Metric.wrl
      (at (xyz 0 0 0))
      (scale (xyz 1 1 1))
      (rotate (xyz 0 0 0))
    )
  )

  (module Capacitor_SMD:C_0805_2012Metric_Pad1.18x1.45mm_HandSolder (layer F.Cu) (tedit 5F68FEEF) (tstamp 60E97646)
    (at 320.4625 130.5)
    (descr "Capacitor SMD 0805 (2012 Metric), square (rectangular) end terminal, IPC_7351 nominal with elongated pad for handsoldering. (Body size source: IPC-SM-782 page 76, https://www.pcb-3d.com/wordpress/wp-content/uploads/ipc-sm-782a_amendment_1_and_2.pdf, https://docs.google.com/spreadsheets/d/1BsfQQcO9C6DZCsRaXUlFlo91Tg2WpOkGARC1WS5S8t0/edit?usp=sharing), generated with kicad-footprint-generator")
    (tags "capacitor handsolder")
    (path /60EC399D)
    (attr smd)
    (fp_text reference C8 (at 0 -2) (layer F.SilkS)
      (effects (font (size 1 1) (thickness 0.15)))
    )
    (fp_text value 1u (at 0 1.68) (layer F.Fab)
      (effects (font (size 1 1) (thickness 0.15)))
    )
    (fp_line (start 1.88 0.98) (end -1.88 0.98) (layer F.CrtYd) (width 0.05))
    (fp_line (start 1.88 -0.98) (end 1.88 0.98) (layer F.CrtYd) (width 0.05))
    (fp_line (start -1.88 -0.98) (end 1.88 -0.98) (layer F.CrtYd) (width 0.05))
    (fp_line (start -1.88 0.98) (end -1.88 -0.98) (layer F.CrtYd) (width 0.05))
    (fp_line (start -0.261252 0.735) (end 0.261252 0.735) (layer F.SilkS) (width 0.12))
    (fp_line (start -0.261252 -0.735) (end 0.261252 -0.735) (layer F.SilkS) (width 0.12))
    (fp_line (start 1 0.625) (end -1 0.625) (layer F.Fab) (width 0.1))
    (fp_line (start 1 -0.625) (end 1 0.625) (layer F.Fab) (width 0.1))
    (fp_line (start -1 -0.625) (end 1 -0.625) (layer F.Fab) (width 0.1))
    (fp_line (start -1 0.625) (end -1 -0.625) (layer F.Fab) (width 0.1))
    (fp_text user %R (at 0 0) (layer F.Fab)
      (effects (font (size 0.5 0.5) (thickness 0.08)))
    )
    (pad 2 smd roundrect (at 1.0375 0) (size 1.175 1.45) (layers F.Cu F.Paste F.Mask) (roundrect_rratio 0.212766)
      (net 3 "Net-(C8-Pad2)"))
    (pad 1 smd roundrect (at -1.0375 0) (size 1.175 1.45) (layers F.Cu F.Paste F.Mask) (roundrect_rratio 0.212766)
      (net 91 GND))
    (model ${KISYS3DMOD}/Capacitor_SMD.3dshapes/C_0805_2012Metric.wrl
      (at (xyz 0 0 0))
      (scale (xyz 1 1 1))
      (rotate (xyz 0 0 0))
    )
  )

  (module Diode_SMD:D_0805_2012Metric_Pad1.15x1.40mm_HandSolder locked (layer B.Cu) (tedit 5F68FEF0) (tstamp 60E97659)
    (at 69.05625 85.725)
    (descr "Diode SMD 0805 (2012 Metric), square (rectangular) end terminal, IPC_7351 nominal, (Body size source: https://docs.google.com/spreadsheets/d/1BsfQQcO9C6DZCsRaXUlFlo91Tg2WpOkGARC1WS5S8t0/edit?usp=sharing), generated with kicad-footprint-generator")
    (tags "diode handsolder")
    (path /61929EBA)
    (attr smd)
    (fp_text reference D1 (at 0 1.65) (layer B.SilkS)
      (effects (font (size 1 1) (thickness 0.15)) (justify mirror))
    )
    (fp_text value DIODE (at 0 -1.65) (layer B.Fab)
      (effects (font (size 1 1) (thickness 0.15)) (justify mirror))
    )
    (fp_line (start 1.85 -0.95) (end -1.85 -0.95) (layer B.CrtYd) (width 0.05))
    (fp_line (start 1.85 0.95) (end 1.85 -0.95) (layer B.CrtYd) (width 0.05))
    (fp_line (start -1.85 0.95) (end 1.85 0.95) (layer B.CrtYd) (width 0.05))
    (fp_line (start -1.85 -0.95) (end -1.85 0.95) (layer B.CrtYd) (width 0.05))
    (fp_line (start -1.86 -0.96) (end 1 -0.96) (layer B.SilkS) (width 0.12))
    (fp_line (start -1.86 0.96) (end -1.86 -0.96) (layer B.SilkS) (width 0.12))
    (fp_line (start 1 0.96) (end -1.86 0.96) (layer B.SilkS) (width 0.12))
    (fp_line (start 1 -0.6) (end 1 0.6) (layer B.Fab) (width 0.1))
    (fp_line (start -1 -0.6) (end 1 -0.6) (layer B.Fab) (width 0.1))
    (fp_line (start -1 0.3) (end -1 -0.6) (layer B.Fab) (width 0.1))
    (fp_line (start -0.7 0.6) (end -1 0.3) (layer B.Fab) (width 0.1))
    (fp_line (start 1 0.6) (end -0.7 0.6) (layer B.Fab) (width 0.1))
    (fp_text user %R (at 0 0) (layer B.Fab)
      (effects (font (size 0.5 0.5) (thickness 0.08)) (justify mirror))
    )
    (pad 2 smd roundrect (at 1.025 0) (size 1.15 1.4) (layers B.Cu B.Paste B.Mask) (roundrect_rratio 0.217391)
      (net 4 /row0))
    (pad 1 smd roundrect (at -1.025 0) (size 1.15 1.4) (layers B.Cu B.Paste B.Mask) (roundrect_rratio 0.217391)
      (net 5 "Net-(D1-Pad1)"))
    (model ${KISYS3DMOD}/Diode_SMD.3dshapes/D_0805_2012Metric.wrl
      (at (xyz 0 0 0))
      (scale (xyz 1 1 1))
      (rotate (xyz 0 0 0))
    )
  )

  (module Diode_SMD:D_0805_2012Metric_Pad1.15x1.40mm_HandSolder locked (layer B.Cu) (tedit 5F68FEF0) (tstamp 60E9766C)
    (at 69.05625 104.775)
    (descr "Diode SMD 0805 (2012 Metric), square (rectangular) end terminal, IPC_7351 nominal, (Body size source: https://docs.google.com/spreadsheets/d/1BsfQQcO9C6DZCsRaXUlFlo91Tg2WpOkGARC1WS5S8t0/edit?usp=sharing), generated with kicad-footprint-generator")
    (tags "diode handsolder")
    (path /6192F317)
    (attr smd)
    (fp_text reference D2 (at 0 1.65) (layer B.SilkS)
      (effects (font (size 1 1) (thickness 0.15)) (justify mirror))
    )
    (fp_text value DIODE (at 0 -1.65) (layer B.Fab)
      (effects (font (size 1 1) (thickness 0.15)) (justify mirror))
    )
    (fp_line (start 1.85 -0.95) (end -1.85 -0.95) (layer B.CrtYd) (width 0.05))
    (fp_line (start 1.85 0.95) (end 1.85 -0.95) (layer B.CrtYd) (width 0.05))
    (fp_line (start -1.85 0.95) (end 1.85 0.95) (layer B.CrtYd) (width 0.05))
    (fp_line (start -1.85 -0.95) (end -1.85 0.95) (layer B.CrtYd) (width 0.05))
    (fp_line (start -1.86 -0.96) (end 1 -0.96) (layer B.SilkS) (width 0.12))
    (fp_line (start -1.86 0.96) (end -1.86 -0.96) (layer B.SilkS) (width 0.12))
    (fp_line (start 1 0.96) (end -1.86 0.96) (layer B.SilkS) (width 0.12))
    (fp_line (start 1 -0.6) (end 1 0.6) (layer B.Fab) (width 0.1))
    (fp_line (start -1 -0.6) (end 1 -0.6) (layer B.Fab) (width 0.1))
    (fp_line (start -1 0.3) (end -1 -0.6) (layer B.Fab) (width 0.1))
    (fp_line (start -0.7 0.6) (end -1 0.3) (layer B.Fab) (width 0.1))
    (fp_line (start 1 0.6) (end -0.7 0.6) (layer B.Fab) (width 0.1))
    (fp_text user %R (at 0 0) (layer B.Fab)
      (effects (font (size 0.5 0.5) (thickness 0.08)) (justify mirror))
    )
    (pad 2 smd roundrect (at 1.025 0) (size 1.15 1.4) (layers B.Cu B.Paste B.Mask) (roundrect_rratio 0.217391)
      (net 6 /row1))
    (pad 1 smd roundrect (at -1.025 0) (size 1.15 1.4) (layers B.Cu B.Paste B.Mask) (roundrect_rratio 0.217391)
